0.123123096400867	-0.120136231024937	0.603044413104362	-0.0810088062629737	0.813227157807485	0.0690220315379477	0.105160954695691	0.86231075575445	0.27811746533358	0.0383448985601706	0.123962233653973	-0.210136125744833	-1.08366487849154	1.83696355699313	-0.839252008170927	0.159417995834673	-0.454142011764816	0.0531401383741894	-0.638095474902401
0.116885992214001	-0.0227131609668813	-0.0732183446514718	0.000506299440574703	-0.109913170655226	-0.0328989388527804	0.0919006559946416	-0.246180256915569	0.0626894557875097	-0.0810389377915629	-0.0641597380831434	0.0106855704928256	0.0374681601545513	-0.0593915018346658	0.0805812968420109	0.0381328597212407	-0.14293742507183	0.0520877525036654	0.106093446247634
-7.71198796792231	2.56647581250414	-5.96790514128745	0.823905508070027	-1.47267152042402	1.69131010521721	-10.6975346414069	11.2388472413705	-5.42117916010565	8.46349351934199	0.541959395706796	1.45517669811974	16.4763344063566	-6.78135318514421	-1.87062718706882	-1.94278758724956	20.4562132054067	-2.8787907321267	-4.69079912626411
-0.266780013916441	0.0766011374930147	0.045980870946461	0.0165177368757313	0.0149610638715661	0.0588455554413568	-0.290875196553125	0.3537766493629	-0.180763930875854	0.16041337246272	0.0493834453484751	0.0215519017614186	0.1853614920132	-0.180370651809957	0.0102129804427579	-0.0223681771618336	0.499747123094735	-0.112985905985352	-0.100582815621846
-5.81205685054837	2.53508783311851	-9.92326940809352	1.09795045483659	-5.15448188340545	0.807517386163333	-7.73416423267287	6.81866897128396	-5.05102542227306	8.00870718561922	-0.23340608085881	2.41398310247198	19.3902338295162	-14.9366573327144	0.343291991806092	-4.45762105387836	19.8886045395398	-2.19751975844608	-0.520410798628104
0.0142353654368044	0.0204062265351019	-0.116460687107951	0.0168010924445506	-0.177967865325068	-0.0215342928797668	0.0265316579236874	0.0322287126883674	-0.030556769102964	-0.0112100484872294	-0.0286843304752103	0.0477504453843321	0.173317746351477	-0.364607416685587	0.0117770676040265	-0.104280444526074	0.15550933811177	0.00124180621823056	0.203359103061611
-11.929545083136	4.18568404667901	2.47475150844536	1.10885493199455	-3.95565289158716	2.41644215343183	-14.3954058158703	19.2668969295168	-8.68919995423797	7.10985493774031	-0.569958967407853	1.97372385522196	9.71143304794965	-14.4453579717647	1.22103889183221	-1.2508013429555	30.9328568296183	-5.18068477860118	0.273849463750324
12.0479624328552	-4.6234525028802	6.53735366811544	-1.57070977866396	7.47220514113165	-1.80857048496917	12.885916900033	-17.5059821382475	9.87467483242204	-10.563419932272	-0.698193110888192	-3.33160746704904	-19.7744962632601	25.7835796344833	-0.788214239493002	5.64501343767697	-30.4186658113023	5.2778770379681	-1.94479401917421
0.791597377117434	-0.254448168758949	0.198871951622883	-0.0810580871783144	0.348696171097285	-0.124586581857227	0.872081794197527	-0.0761428008326561	0.634570321738092	-0.35409206521976	-0.0738846624780215	-0.148462087094885	-1.12495702599394	1.35876689342038	-0.704986098741391	0.00209077326597651	-1.32722744008167	0.32453947602251	0.05279018321381
13.8878521651917	-4.05936280500915	-3.60707549834933	-0.870177370303741	0.516308617497401	-2.84759737472264	14.5089275345391	-18.6642302222926	9.7313220305698	-7.59212885861488	-2.34382420804865	-1.25047293156417	-8.01584617787257	12.7723009299319	-0.754805792531141	0.949349227857981	-23.4258155003595	6.08372121200525	3.15956764383843
-11.7031541152458	3.85924849359412	9.23996170883399	0.821759888327307	-3.15653037202911	2.27065180476832	-12.0691662807599	17.6730474582798	-8.55660580751379	3.0339331852384	0.00354972948255039	1.3291009525116	-0.180056300667019	-14.4477558089953	3.55690303683136	0.26911049810986	24.3433047252043	-5.46895429508541	3.08156609991234
-0.135522395492693	0.0274873718089896	0.0420593127280801	0.00128137092776104	0.0826577965202733	0.0365429292529065	-0.149433817260501	0.0751691153957941	-0.0761944696785009	0.0867387079851373	0.03934091571429	-0.00896993731122578	0.0438864498879544	0.0520965273170433	0.0481357554099082	0.0382027458591263	0.153102820694488	-0.0538240938115325	-0.154808766720299
11.3302433457722	-4.07807703864426	1.69544877755588	-1.2041032328753	5.51302722573081	-2.03260811242676	13.9986518833408	-16.7817630779326	8.67640132606933	-8.33702792820998	0.669066732181528	-2.34598242666888	-14.4423391477023	18.0167862713118	-0.623407936074196	1.81322831081685	-27.1181811262468	4.87503002606379	0.0102735088537894
-0.248939827664884	-0.340903794815475	13.6035861593491	-0.558968374422939	3.50932172757147	0.491849637248329	0.906786239347383	8.12566806051507	0.712415345817561	-5.21076636852628	0.169966281549263	-1.4696934387512	-17.6153972915044	8.33139030080471	-2.25572538159891	2.74178124417937	-1.9644654039995	-0.586914227036559	2.40837574233562
-5.71236349721865	1.37876148622115	9.80567848407442	-0.0642888262123602	3.26409912280226	1.9560558014589	-8.53098097387112	17.3496950135658	-2.69861691617807	0.863366005412686	-0.192188979247742	-0.753449567066815	-5.74479194772534	7.9657738915905	-4.93197423437603	2.63574765367225	14.096688802601	-2.44490327653092	-3.11648563042503
-1.72378487786176	1.48556745484719	-5.67705899624274	0.799537434596056	-7.27970232912659	-0.549617787425127	0.256097223878882	0.237640927160868	-2.91532804607612	2.81828519075185	-0.32849194329444	2.18927108501707	8.3795631301123	-19.0882550834794	3.67267763105777	-3.80066673016293	7.29104466629406	-1.06747449144947	6.92932339192375
-16.1946042404014	5.72730210582975	1.55582611745459	1.5811230432093	-6.40631449348626	2.909541424339	-17.4649792660373	27.0629847161004	-12.3283313052699	10.2200525939936	0.548883547205754	3.04066088598484	13.7463711141446	-25.3663330218716	0.204522302807705	-3.9617715618149	37.8246380433775	-7.29316677681934	2.29030842637136
0.0440697576390896	-0.0662580224769016	0.448078968607479	-0.0470010609203528	0.472122152572614	0.0314550225965391	0.181129078783236	0.478733270950549	0.121379209229382	-0.0653776896226361	0.167982665352347	-0.119229083550203	-0.81208413888886	0.852556045184564	-0.419750874100002	0.014085629795875	-0.434240025998967	0.00330650933526755	-0.223126740771236
-13.2803133651639	3.89932124606728	7.16664349495315	0.717298212902234	0.611302241668701	3.14649496306749	-15.6606749062686	21.2559248238174	-8.68010605651937	6.48121505506041	0.938343856936772	0.765542600940795	4.49701798421277	-5.82422745484227	0.00758469501525649	1.09626035140439	27.863864699768	-5.6987415464764	-3.70470952769756
