-0.460276211916468	-0.019933562213773	0.949030533463065	-0.207636204200645	-1.37813450706442	-0.201817205848817	1.44906411889628	-0.294170395884905	-0.324694649920753	-1.19166774300726	0.191363668014418	0.214676375761275	-0.107845843524047	-0.272210042939723	0.0208849747960489	-0.0481545431191083	-1.56947842495034	-0.102294909414366	0.362176879660247
0.0796041912806388	-0.01997035734657	0.132405947782894	-0.00518573219373353	0.272086895612273	0.00339026086323696	0.0514520365015183	0.364980795427246	0.0422451321221993	-0.12414419560037	0.231788805738153	-0.0393436271547767	-0.195020544836272	0.022659878351869	-0.0973015020941856	-0.0637171267436598	-0.127371090992874	-0.00541600604927531	-0.0669998494394824
6.93043503452657	0.821492099824997	-10.550692452983	2.33644424009461	10.7362736956985	2.30537891039077	-18.4601564949164	-8.24095469434864	3.2054486505913	11.7541571990949	-1.3414969107858	-2.79922167803662	1.00569135877854	13.2728631010122	0.606531108130129	4.42908270833058	2.92699980582117	1.4577668605008	1.14123389403431
-0.0885862207113025	-0.0184811646469781	-0.0615022237762117	0.00108809358053304	-0.00151087234873004	0.00217589075372819	-0.0110703127623082	0.0362808357714639	-0.0163831392176244	0.0546841311650396	0.0183895807980392	0.0114173241299326	0.0980878581391684	-0.2028408575579	0.0912051856601787	-0.0187823731556761	0.193197521597619	-0.00969641519462895	-0.0718702135088606
-2.13988529568569	-0.773299145590241	-12.4490398076898	1.5410098917613	4.00945745953769	1.64597890604763	-13.6548347667909	-10.0965210166855	0.230856520797598	11.1672230890429	2.17979384326303	-1.16766772060151	8.88901844640202	-2.51402596352843	8.28331124593464	3.83665963021783	6.00706748796734	0.214622454134538	-2.37363778460545
0.16401900503306	0.0427008838967696	-0.240343138759491	0.0521874431829398	0.229187159389359	0.0307271698863647	-0.348513926641559	-0.0303342873058669	0.0751123962045638	0.205380567515309	-0.291029655283113	-0.0491346995515204	-0.0857962103443277	0.292801877080521	-0.12772273513904	0.00273277039829365	0.261526449481848	0.0316696378613103	0.227676682430453
16.2902814824272	2.48317681171181	-9.55867199620126	3.57455842236834	25.2400213581942	2.96051225179569	-22.7125988544338	11.2276193060606	7.78362703200625	14.1698952786784	-11.0095103158617	-4.28939233509172	-10.1381793560718	21.0839784860983	-10.9822858934967	-1.0454076744622	24.392967453999	2.71263576152317	3.38750644538585
-7.68442939040649	-0.38273592482107	19.1481516594181	-3.89754381205911	-23.4901357876173	-3.49807551357477	29.6999065242978	-2.56796100806492	-5.40063808830561	-19.3281792218823	4.23195341488725	4.44083893591132	-1.30395759447795	-8.41295512505604	0.218597171197253	-2.77503952354827	-21.0492194907702	-1.65867743519922	-0.983376074959221
-0.522915753702572	-0.0201386083069615	1.13145360577519	-0.243709238977628	-1.68515560762264	-0.218130039161945	1.75091275582104	-0.545781345771382	-0.376718576400123	-1.21823706599292	0.271312204126039	0.28017679787745	0.0274863347492956	-0.383075997984365	0.12833023664888	-0.0414710466216888	-1.64630549433888	-0.103645594205602	0.0666526092581957
-12.4316902533346	-1.77693045227711	14.6520138996909	-3.81081903445774	-23.1918164494255	-3.13684294311819	27.5511593505886	-6.58142343477578	-6.64507565237955	-16.9681237022748	10.9491228633633	4.33195061824062	4.36077274194508	-16.0150597238924	7.57174165909469	-1.83757744770441	-22.2428634249718	-2.300810722652	-4.09351036059508
23.4382911392252	4.24886293105827	-11.349004614645	4.76139610998942	32.6463922863039	3.49891391255416	-29.3241421884761	18.3861267151873	10.8286551344935	17.5894349690048	-22.2525186062755	-5.40685352654631	-16.4967972541531	30.6539339257498	-19.7750293056347	-2.515514572972	36.1513590518257	3.86637153940922	8.91405091285551
0.488190264160553	0.0382516773317334	-0.257199341210022	0.0968140808673462	0.957398074211833	0.0851195129019678	-0.634238120494812	0.445252713049111	0.229293838468975	0.267697660311603	0.00796842138455656	-0.176359653896635	-0.444071308818417	0.649766955683846	-0.347946935949092	-0.0513490432169249	0.165704704358085	0.0592768851501218	0.13691015676325
-7.650793975961	-0.9036875733479	14.2598862505151	-3.16557396337637	-18.4045944478022	-2.64158590323617	23.7734478561051	-4.68582659439631	-4.82617111917653	-15.1013126900354	7.80855668990962	3.411626522939	0.656611688474442	-8.65661482715363	3.49636562955103	-1.90881794973141	-20.0232309955725	-1.5810107592088	-2.41833629886804
18.7767666476442	3.74692778648694	8.20766668606525	1.31513905841985	13.3400786046826	0.844399181276868	-4.91129205502261	15.6888414927927	6.7299962865622	-0.186177497296502	-13.556394237659	-2.12307960888397	-18.4295027318112	27.2888714600862	-19.1009715238278	-2.90434922673827	12.069763932852	2.66196502260953	5.02339098186141
21.9164139868033	4.23280193244149	5.85223764548124	2.03942468916264	13.4818390127522	1.82246323183355	-12.3776673948308	7.50531245920676	7.70671913835849	3.98101703264732	-13.0148855907979	-2.92690426385561	-16.589978837294	35.3399898726112	-17.4453226004808	0.993882159747126	9.44449883935111	3.44456886708143	3.77478806514035
-0.17042776721155	-0.40028464749881	-11.2188909418317	1.54720916459937	11.6039132470369	1.05665016747793	-9.42306820518501	3.01281825145069	1.33096835393325	8.34415729353384	-1.96845892694229	-1.6097490178428	1.24015633988212	-3.64835334802693	0.907148963062054	-1.78800542856507	10.9146555452984	0.0323969591263068	2.3615443664499
22.9657126291523	3.30339471383583	-20.4224984818396	5.96214519111232	40.2751014523393	4.83680823102204	-40.4087972808912	14.3029448641837	11.5111564939308	24.4398807701578	-16.8354009211567	-7.24346717887173	-12.6211199881349	29.9900759760628	-15.3291355604724	0.158322948460869	34.1436918717315	3.8795341645989	7.5416980692044
0.0439672143867548	0.0220286118639977	0.466484112666807	-0.0669407604475359	-0.272661224567523	-0.0651894475601895	0.543688546690178	0.110400160805361	-0.04330659772822	-0.471298161340354	0.0459593329225573	0.0453510970443157	-0.289220375137708	0.174855086343262	-0.203565971266876	-0.0873650438302212	-0.571707530172211	-0.0141766043968988	0.131364393177036
21.3706263104913	3.42126348465236	-5.45331733746534	3.7033952572921	25.3733511617391	3.35759418979237	-23.9624393121175	10.0193387778816	9.21937260405775	14.5033462491639	-12.0019390859037	-4.58148953588611	-12.536830192707	29.9465719630437	-13.9753023233375	0.777525353321628	22.9828762367823	3.58126707067401	1.24535854166801
