-5.81816593102588	2.05155738092096	-4.62435979616834	-1.89474423248751	1.7854263220586	0.1310709145783	-1.38779815419438	4.30602333568811	2.38999641655015	0.634918737367297	-4.09607717473861	1.06297678857421	3.20717860146591	0.197769915264773	-4.09871651039377	-1.81262965662737	2.69013224378224	-3.19228337423399	5.48888016597095
3.28880513155081	-0.386789292306302	3.7399102717069	1.77792193268747	-1.00558221595252	0.100986929265658	0.271853129860107	-0.883974974880996	0.149134238916062	0.23510652034665	1.80870555286162	-1.15712331779996	-0.290987369566796	1.4124646727403	3.25888293163837	1.60869305366086	0.730708102907137	2.77652887687998	-7.02929239873127
7.06952731758685	-5.24063902517261	-2.99373189659899	-1.67925822977299	-1.85515996833605	0.503220936010631	5.36036213067428	-10.8066577568415	-8.56093243477316	-2.31405973872435	8.15799950974362	4.37700540826586	-8.88674255643948	-8.19636416505429	-0.302123274338208	-1.78033549194643	-24.9545938485179	-0.798899903636669	19.7940801240834
3.54043053010459	-0.58703758689532	4.14572021181434	1.72698701967746	-1.15919414845196	0.243166872447873	0.0191276819049921	-1.05349936366417	0.235481978242692	0.388274237914763	2.64405594822882	-0.948560083485334	-0.34437653899319	1.32201325548952	3.60213294660374	1.86412778136211	0.421628311841523	3.15866882192589	-7.5658497755995
5.70799711815286	-3.95239731431873	1.02854457361343	-0.328223889424286	-2.04451140805244	0.281588313312118	2.46847519803241	-5.97758966576473	-5.03627463655528	-0.869524872431097	5.68921757554082	1.2620775337051	-5.4122287415983	-3.31248923717378	2.47669987621352	0.361717950839423	-12.7131304617001	1.45528471252211	5.81927613361889
3.34214980909359	-0.267453374604896	3.65274790334702	1.81212216665559	-0.894869210871642	0.0764247265619287	0.383142164470471	-1.1482837149224	0.209060235918376	0.201265688581581	1.99943975699922	-1.01009208316195	-0.170786862174319	1.23520238757862	3.04119309603232	1.53991243768168	0.5618029773964	2.75461053874333	-6.77729660155089
-14.2357147579536	7.09563841715107	0.0499293358331058	-1.35925610591854	4.20667343620048	1.94512084907688	-10.177244659046	15.2073493705461	12.1142300530318	4.61267745153197	-7.74650483978214	1.23524469489057	10.3493010318843	5.9560983277108	-4.27719475199915	1.05022431832517	33.5046267490473	-1.29687580940329	-12.7012169854319
7.19087675192347	-5.21485175351306	-0.133484717680407	-0.77873578115969	-2.41164911145437	-0.398485584962362	4.46952289840403	-8.11998542334653	-7.13464858240926	-1.55998293933107	6.48991976980252	0.963455305656436	-6.45750329211326	-4.20327974547862	2.47581656002406	-0.284763244017554	-18.0161464453826	0.940337110731858	10.1444500437251
-5.49188308734265	2.51206329792747	-6.0268551414447	-1.49502944349283	2.19652159465345	-0.429504752394287	0.4247659024716	3.12591508458902	1.42754802224968	-0.370501205793182	-5.66870722869453	0.722762217705856	2.65073101740293	-0.369377383608301	-5.2521154219537	-2.83946598731777	1.12281462890229	-4.43190831634839	8.66124136765069
21.0724301709674	-13.9129112514841	5.8036413122438	-0.3967867161765	-7.41633215623714	0.795608934687616	8.64574166213702	-21.5402191347319	-17.304028127338	-3.10005096572338	21.105026441747	3.66494664082043	-19.1105558835556	-10.851533949937	10.2175817593868	2.14679586699817	-41.2063279226348	6.11500249843764	16.3292667329902
-21.927205101907	13.395313734778	-0.990482066403945	-0.0240178473977564	7.28981265254109	1.73204425066583	-13.0919400854036	23.0111620493871	19.1245222381814	5.13611894378917	-16.5874152542548	-0.398698650982671	16.7233212359728	10.1165883568803	-7.90555476415657	0.332055302843619	52.64087904869	-3.87501437417531	-20.9666019860647
4.7999610148943	-1.26928739838227	4.03615135334441	1.75172610554892	-1.43754864690495	0.33745675676388	0.836795751502448	-2.54268893031811	-1.04660421404414	0.0723254630384811	3.46422079016088	-0.466109891895238	-1.75663605396051	0.285243159944828	3.7293173038493	1.68878605518916	-2.60951039459849	3.19682130679096	-5.26961935681022
7.44865295541008	-7.60406816964032	-0.67418678624983	-2.34411900269121	-3.32516343872383	0.0201319989529258	4.40608264010469	-9.15084954313733	-9.68205732442751	-1.80875376274768	8.03773605372882	1.89719714170453	-9.96159557114547	-6.02766917953023	3.16173400027942	-0.407874514822649	-21.6681356438381	0.0894644522015421	15.3248669407007
-11.6132321048512	7.71622722443907	6.93886181963881	1.77475831571243	3.02330035592069	1.15805717612309	-11.110705628803	16.9711979815241	14.4948194241684	5.07254454176662	-8.13301990371921	-3.3482439969495	12.3396161360079	11.1854080990611	1.22917536262781	4.08750818511124	43.9132828191074	2.5834564519009	-30.878225103186
-13.3654532002637	7.25716665141633	-1.31258104979609	-1.17376852895372	4.52722380725528	1.61986037468043	-8.26577465633699	12.8998295757419	10.976818411308	3.57892051719613	-7.48352804004909	1.77694837237901	9.35863842729162	4.43996917921115	-5.4481563924364	0.0687809306490433	29.8635311509467	-2.33588102566061	-8.34480397197271
-0.360198040068047	0.30465459388245	-0.462657409470349	-0.0198819575581511	0.209192379408422	-0.0398043273603175	0.189302559968693	0.0369761256493867	0.125860049416067	-0.166361494121936	-0.388434071934754	0.0993906437249461	0.0847911360143003	-0.152030496734624	-0.449525550919529	-0.275629109202111	0.0357645366426609	-0.454451633010769	0.780483819963833
-19.8175861611871	11.8538122441377	-2.15022863203482	-0.517143861798332	6.47306856538857	1.4371958524301	-11.9600129514483	20.7095813929975	17.1943164664211	4.92114787411803	-14.6655296504687	-0.184546440830418	16.2990881376635	8.91660796985699	-7.92752551764894	0.0298018172240425	42.9781844269732	-3.23828114485554	-17.8710558275218
-3.19081266751064	2.43029349968538	1.88633606522688	0.958273537026662	0.575593965842092	-0.34862219916553	-2.42422614624459	5.88941930550826	4.41957494358737	1.19033821338878	-4.15669041954423	-2.8250842344355	4.64560488875622	4.77627708996324	1.13399117664464	1.08696282614875	11.7754555799041	0.581462504015804	-11.0008927563672
-11.7769087824092	5.21558465410161	2.14023073226635	-1.34230679265947	3.07664459071733	2.24074367732495	-10.5505031725488	13.9219331897234	10.7496385208501	5.17973689731359	-5.06703200701456	1.28465028246092	8.96148881174704	5.75636448043171	-2.13768251986435	2.21052062720331	31.198884907522	0.757450267099987	-14.5633655548796
